{
  "advancedEditorSelectedIdentifier" : "ProjectBrowser",
  "openSceneRelativePaths" : [
    "Marker_black.usda",
    "YootThrowBoard.usda",
    "Marker_white.usda"
  ],
  "recentIdentifiers" : {
    "1D572CEB-057A-41C3-B575-04C37501A3C0" : [

    ],
    "5FC03312-DCA0-465F-B8D5-5A3C1EE16D9F" : [

    ],
    "F8297E3D-0A76-4C12-A183-C6CAB13CDB73" : [

    ]
  },
  "sceneCameraHistory" : {
    "1D572CEB-057A-41C3-B575-04C37501A3C0" : [
      {
        "date" : 749417270.472066,
        "title" : "Untitled",
        "transform" : [
          0.99999994,
          0,
          -0,
          0,
          -0,
          0.86602575,
          -0.4999995,
          0,
          0,
          0.4999995,
          0.86602575,
          0,
          0,
          4.1226025,
          5.0232177,
          1
        ]
      }
    ],
    "5FC03312-DCA0-465F-B8D5-5A3C1EE16D9F" : [
      {
        "date" : 782519472.289754,
        "title" : "Untitled",
        "transform" : [
          0.99798506,
          7.581635e-11,
          0.06344662,
          0,
          0.020965464,
          0.94382614,
          -0.32977676,
          0,
          -0.059882578,
          0.33044255,
          0.94192445,
          0,
          -1.0528835,
          14.08737,
          16.561356,
          1
        ]
      },
      {
        "date" : 782519464.685834,
        "title" : "Untitled",
        "transform" : [
          0.99787074,
          3.2094438e-10,
          0.065221585,
          0,
          0.026185675,
          0.9158644,
          -0.40063295,
          0,
          -0.05973413,
          0.4014878,
          0.91391426,
          0,
          -1.009085,
          15.312395,
          15.438698,
          1
        ]
      },
      {
        "date" : 782519155.855889,
        "title" : "Untitled",
        "transform" : [
          0.9996521,
          4.028497e-10,
          -0.026371751,
          0,
          -0.012821101,
          0.8738654,
          -0.48599887,
          0,
          0.023045355,
          0.4861679,
          0.87356144,
          0,
          0.31736866,
          14.40394,
          12.030235,
          1
        ]
      },
      {
        "date" : 782519135.854586,
        "title" : "Untitled",
        "transform" : [
          0.99959314,
          6.323457e-10,
          0.028522262,
          0,
          0.0026763778,
          0.9955878,
          -0.09379651,
          0,
          -0.028396422,
          0.093834646,
          0.99518275,
          0,
          -0.47945356,
          8.350541,
          16.802958,
          1
        ]
      },
      {
        "date" : 782519120.702929,
        "title" : "Untitled",
        "transform" : [
          0.9999918,
          5.546221e-10,
          -0.004048527,
          0,
          -0.0005592098,
          0.99041456,
          -0.13812573,
          0,
          0.0040097125,
          0.13812684,
          0.9904064,
          0,
          0.06647989,
          9.091656,
          16.420662,
          1
        ]
      },
      {
        "date" : 782519104.89918,
        "title" : "Untitled",
        "transform" : [
          0.9999918,
          5.546221e-10,
          -0.004048527,
          0,
          -0.0005592098,
          0.99041456,
          -0.13812573,
          0,
          0.0040097125,
          0.13812684,
          0.9904064,
          0,
          0.06712205,
          9.092542,
          16.579275,
          1
        ]
      },
      {
        "date" : 782518994.621665,
        "title" : "Untitled",
        "transform" : [
          0.9999918,
          5.546221e-10,
          -0.004048527,
          0,
          -0.0005592098,
          0.99041456,
          -0.13812573,
          0,
          0.0040097125,
          0.13812684,
          0.9904064,
          0,
          0.06817265,
          9.234859,
          16.838778,
          1
        ]
      },
      {
        "date" : 782518977.739718,
        "title" : "Untitled",
        "transform" : [
          0.9883187,
          5.9072924e-10,
          0.15240142,
          0,
          -0.0045074066,
          0.99956244,
          0.029230403,
          0,
          -0.15233476,
          -0.029575901,
          0.9878864,
          0,
          -2.2517662,
          5.1184373,
          14.602637,
          1
        ]
      },
      {
        "date" : 782518968.676947,
        "title" : "Untitled",
        "transform" : [
          0.9996032,
          -4.4665527e-10,
          -0.028166668,
          0,
          -0.0013110061,
          0.99891615,
          -0.04652615,
          0,
          0.028136143,
          0.046544615,
          0.99851996,
          0,
          0.42327994,
          6.2536073,
          15.021723,
          1
        ]
      },
      {
        "date" : 782518953.615278,
        "title" : "Untitled",
        "transform" : [
          1,
          0,
          0,
          0,
          0,
          1,
          0,
          0,
          0,
          0,
          1,
          0,
          0,
          4.4998317,
          19.454268,
          1
        ]
      }
    ],
    "D66134B1-3681-4A8E-AFE5-29F257229F3B" : [
      {
        "date" : 752970939.044532,
        "title" : "Untitled",
        "transform" : [
          1,
          0,
          0,
          0,
          0,
          0.8660253,
          -0.5000001,
          0,
          0,
          0.5000001,
          0.8660253,
          0,
          -0.03779655,
          0.15624759,
          0.23537219,
          1
        ]
      },
      {
        "date" : 752970933.481187,
        "title" : "Untitled",
        "transform" : [
          1,
          0,
          0,
          0,
          0,
          0.8660253,
          -0.5000001,
          0,
          0,
          0.5000001,
          0.8660253,
          0,
          -0.020067945,
          0.28740996,
          0.4743318,
          1
        ]
      },
      {
        "date" : 749674183.904779,
        "title" : "Untitled",
        "transform" : [
          1,
          0,
          0,
          0,
          0,
          0.8660253,
          -0.5000001,
          0,
          0,
          0.5000001,
          0.8660253,
          0,
          -0.0047373697,
          0.27292663,
          0.4826938,
          1
        ]
      },
      {
        "date" : 749674145.038326,
        "title" : "Untitled",
        "transform" : [
          1,
          0,
          0,
          0,
          0,
          0.8660253,
          -0.5000001,
          0,
          0,
          0.5000001,
          0.8660253,
          0,
          -9.313226e-10,
          0.2677908,
          0.48565897,
          1
        ]
      },
      {
        "date" : 749674127.666938,
        "title" : "Untitled",
        "transform" : [
          1,
          0,
          -0,
          0,
          -0,
          0.8660253,
          -0.5000001,
          0,
          0,
          0.5000001,
          0.8660253,
          0,
          -9.313226e-10,
          0.12067543,
          0.2456371,
          1
        ]
      },
      {
        "date" : 749674060.076969,
        "title" : "Untitled",
        "transform" : [
          1,
          0,
          0,
          0,
          0,
          0.8660253,
          -0.5000001,
          0,
          0,
          0.5000001,
          0.8660253,
          0,
          -0.013169941,
          0.2656684,
          0.4880178,
          1
        ]
      },
      {
        "date" : 749674054.409163,
        "title" : "Untitled",
        "transform" : [
          1,
          0,
          0,
          0,
          0,
          0.8660253,
          -0.5000001,
          0,
          0,
          0.5000001,
          0.8660253,
          0,
          -0.021484181,
          0.33515587,
          0.69404966,
          1
        ]
      },
      {
        "date" : 749674042.678426,
        "title" : "Untitled",
        "transform" : [
          1,
          0,
          -0,
          0,
          -0,
          0.8660253,
          -0.5000001,
          0,
          0,
          0.5000001,
          0.8660253,
          0,
          -0.0019240825,
          0.3789164,
          0.6687846,
          1
        ]
      }
    ],
    "E74675DA-53C4-4741-AD1D-B9E2DF70F939" : [
      {
        "date" : 749419722.205973,
        "title" : "Untitled",
        "transform" : [
          0.99999994,
          0,
          0,
          0,
          0,
          0.8660254,
          -0.49999988,
          0,
          0,
          0.49999988,
          0.8660254,
          0,
          -0.03760251,
          0.29101968,
          0.6605162,
          1
        ]
      },
      {
        "date" : 749419688.738511,
        "title" : "Untitled",
        "transform" : [
          0.99999994,
          0,
          -0,
          0,
          -0,
          0.8660254,
          -0.49999988,
          0,
          0,
          0.49999988,
          0.8660254,
          0,
          -0.0019240896,
          0.14722395,
          0.298596,
          1
        ]
      },
      {
        "date" : 749417706.526032,
        "title" : "Untitled",
        "transform" : [
          0.99999994,
          0,
          0,
          0,
          0,
          0.8660254,
          -0.49999988,
          0,
          0,
          0.49999988,
          0.8660254,
          0,
          0.004139185,
          0.24129477,
          0.40965658,
          1
        ]
      },
      {
        "date" : 749417697.059552,
        "title" : "Untitled",
        "transform" : [
          0.99999994,
          0,
          -0,
          0,
          -0,
          0.8660254,
          -0.49999988,
          0,
          0,
          0.49999988,
          0.8660254,
          0,
          0,
          0.23771018,
          0.41172612,
          1
        ]
      }
    ]
  },
  "selectedSceneRelativePath" : "YootThrowBoard.usda"
}