{
  "advancedEditorSelectedIdentifier" : "ProjectBrowser",
  "openSceneRelativePaths" : [
    "Marker_black.usda",
    "YootThrowBoard.usda",
    "Marker_white.usda"
  ],
  "recentIdentifiers" : {
    "1D572CEB-057A-41C3-B575-04C37501A3C0" : [

    ],
    "5FC03312-DCA0-465F-B8D5-5A3C1EE16D9F" : [

    ],
    "F8297E3D-0A76-4C12-A183-C6CAB13CDB73" : [

    ]
  },
  "sceneCameraHistory" : {
    "1D572CEB-057A-41C3-B575-04C37501A3C0" : [
      {
        "date" : 749417270.472066,
        "title" : "Untitled",
        "transform" : [
          0.99999994,
          0,
          -0,
          0,
          -0,
          0.86602575,
          -0.4999995,
          0,
          0,
          0.4999995,
          0.86602575,
          0,
          0,
          4.1226025,
          5.0232177,
          1
        ]
      }
    ],
    "5FC03312-DCA0-465F-B8D5-5A3C1EE16D9F" : [
      {
        "date" : 783544491.782005,
        "title" : "Untitled",
        "transform" : [
          0.99791044,
          -3.6333198e-10,
          0.06461357,
          0,
          -0.007815196,
          0.9926583,
          0.12070011,
          0,
          -0.064139195,
          -0.12095285,
          0.99058396,
          0,
          0.24069236,
          0.6696268,
          4.2712197,
          1
        ]
      },
      {
        "date" : 783544470.158909,
        "title" : "Untitled",
        "transform" : [
          0.99636704,
          9.322121e-10,
          -0.085162364,
          0,
          0.011145512,
          0.991399,
          0.13039821,
          0,
          0.0844299,
          -0.13087368,
          0.9877974,
          0,
          0.8896008,
          0.6267267,
          4.3659,
          1
        ]
      },
      {
        "date" : 783544457.869325,
        "title" : "Untitled",
        "transform" : [
          0.99897337,
          3.207215e-10,
          -0.04530017,
          0,
          0.005928533,
          0.9913992,
          0.13073786,
          0,
          0.044910554,
          -0.1308722,
          0.9903815,
          0,
          0.026177391,
          0.5214719,
          10.530777,
          1
        ]
      },
      {
        "date" : 783544449.776519,
        "title" : "Untitled",
        "transform" : [
          0.9994042,
          1.8749116e-10,
          0.034515455,
          0,
          -0.0045169573,
          0.9913998,
          0.1307897,
          0,
          -0.034218613,
          -0.13086767,
          0.9908091,
          0,
          -0.8113702,
          0.5193691,
          10.40329,
          1
        ]
      },
      {
        "date" : 783544431.156974,
        "title" : "Untitled",
        "transform" : [
          0.7347598,
          -1.0499353e-08,
          -0.6783273,
          0,
          0.09548813,
          0.99004227,
          0.10343212,
          0,
          0.67157274,
          -0.14076997,
          0.7274433,
          0,
          9.776834,
          0.60162747,
          11.558528,
          1
        ]
      },
      {
        "date" : 783544325.244768,
        "title" : "Untitled",
        "transform" : [
          0.7347598,
          -1.0499353e-08,
          -0.6783273,
          0,
          0.09548813,
          0.99004227,
          0.10343212,
          0,
          0.67157274,
          -0.14076997,
          0.7274433,
          0,
          3.3135731,
          0.20390415,
          3.9174275,
          1
        ]
      },
      {
        "date" : 783544320.668097,
        "title" : "Untitled",
        "transform" : [
          0.984629,
          -1.7408945e-09,
          -0.17465907,
          0,
          0.022856073,
          0.9914007,
          0.1288496,
          0,
          0.17315713,
          -0.13086107,
          0.9761619,
          0,
          0.5686084,
          0.2877087,
          8.375954,
          1
        ]
      },
      {
        "date" : 783544301.914764,
        "title" : "Untitled",
        "transform" : [
          0.89357346,
          -1.8158031e-09,
          -0.44891688,
          0,
          -0.088640586,
          0.9803121,
          -0.17643996,
          0,
          0.44007865,
          0.19745432,
          0.87598085,
          0,
          2.779848,
          2.9188468,
          7.789414,
          1
        ]
      },
      {
        "date" : 783544291.703031,
        "title" : "Untitled",
        "transform" : [
          0.6329153,
          -2.2698093e-12,
          -0.7742211,
          0,
          0.0009538846,
          0.9999992,
          0.0007797878,
          0,
          0.7742205,
          -0.0012320572,
          0.63291484,
          0,
          11.932912,
          2.430642,
          12.342784,
          1
        ]
      },
      {
        "date" : 783544273.507173,
        "title" : "Untitled",
        "transform" : [
          -0.17428033,
          -3.3115885e-10,
          -0.9846961,
          0,
          -0.035061788,
          0.99936587,
          0.006205549,
          0,
          0.9840716,
          0.03560671,
          -0.17416981,
          0,
          17.071587,
          2.9197009,
          -0.82701814,
          1
        ]
      }
    ],
    "C10F95B4-8C2C-486A-AF93-84B3B5E1E5EA" : [
      {
        "date" : 785015321.264361,
        "title" : "Untitled",
        "transform" : [
          -0.9991908,
          -2.869277e-11,
          0.040220503,
          0,
          -0.0017710387,
          0.99903005,
          -0.0439976,
          0,
          -0.04018149,
          -0.044033233,
          -0.9982217,
          0,
          0.21734515,
          0.01700876,
          -0.55858487,
          1
        ]
      },
      {
        "date" : 785015315.328603,
        "title" : "Untitled",
        "transform" : [
          -0.9991908,
          -2.869277e-11,
          0.040220503,
          0,
          -0.0017710387,
          0.99903005,
          -0.0439976,
          0,
          -0.04018149,
          -0.044033233,
          -0.9982217,
          0,
          -0.05779677,
          0.041090753,
          -0.35846376,
          1
        ]
      },
      {
        "date" : 785015309.083789,
        "title" : "Untitled",
        "transform" : [
          -0.99451095,
          -7.0551265e-10,
          0.1046327,
          0,
          -0.014117374,
          0.9908561,
          -0.13418256,
          0,
          -0.10367594,
          -0.13492315,
          -0.9854172,
          0,
          0.0014549355,
          0.12590596,
          -0.37041146,
          1
        ]
      },
      {
        "date" : 783716998.474138,
        "title" : "Untitled",
        "transform" : [
          -0.99451095,
          -7.0551265e-10,
          0.1046327,
          0,
          -0.014117374,
          0.9908561,
          -0.13418256,
          0,
          -0.10367594,
          -0.13492315,
          -0.9854172,
          0,
          0.0016498296,
          0.14277154,
          -0.4200295,
          1
        ]
      },
      {
        "date" : 783716996.196184,
        "title" : "Untitled",
        "transform" : [
          -0.996399,
          6.9738704e-09,
          0.08478849,
          0,
          0.0016672631,
          0.99980664,
          0.019592512,
          0,
          -0.08477205,
          0.019663591,
          -0.99620634,
          0,
          0.012375564,
          0.20550786,
          -0.39296898,
          1
        ]
      },
      {
        "date" : 783716986.668931,
        "title" : "Untitled",
        "transform" : [
          -0.9998533,
          6.841832e-09,
          0.01712809,
          0,
          0.0012933552,
          0.9971452,
          0.075497374,
          0,
          -0.017079154,
          0.07550871,
          -0.9969988,
          0,
          0.039162125,
          0.22701067,
          -0.37913552,
          1
        ]
      },
      {
        "date" : 783716982.834328,
        "title" : "Untitled",
        "transform" : [
          -0.9999504,
          5.196331e-09,
          0.009954018,
          0,
          0.009947989,
          0.034899723,
          0.99934137,
          0,
          -0.00034734473,
          0.9993909,
          -0.034897756,
          0,
          0.04747856,
          0.40113258,
          0.18343863,
          1
        ]
      }
    ],
    "D66134B1-3681-4A8E-AFE5-29F257229F3B" : [
      {
        "date" : 752970939.044532,
        "title" : "Untitled",
        "transform" : [
          1,
          0,
          0,
          0,
          0,
          0.8660253,
          -0.5000001,
          0,
          0,
          0.5000001,
          0.8660253,
          0,
          -0.03779655,
          0.15624759,
          0.23537219,
          1
        ]
      },
      {
        "date" : 752970933.481187,
        "title" : "Untitled",
        "transform" : [
          1,
          0,
          0,
          0,
          0,
          0.8660253,
          -0.5000001,
          0,
          0,
          0.5000001,
          0.8660253,
          0,
          -0.020067945,
          0.28740996,
          0.4743318,
          1
        ]
      },
      {
        "date" : 749674183.904779,
        "title" : "Untitled",
        "transform" : [
          1,
          0,
          0,
          0,
          0,
          0.8660253,
          -0.5000001,
          0,
          0,
          0.5000001,
          0.8660253,
          0,
          -0.0047373697,
          0.27292663,
          0.4826938,
          1
        ]
      },
      {
        "date" : 749674145.038326,
        "title" : "Untitled",
        "transform" : [
          1,
          0,
          0,
          0,
          0,
          0.8660253,
          -0.5000001,
          0,
          0,
          0.5000001,
          0.8660253,
          0,
          -9.313226e-10,
          0.2677908,
          0.48565897,
          1
        ]
      },
      {
        "date" : 749674127.666938,
        "title" : "Untitled",
        "transform" : [
          1,
          0,
          -0,
          0,
          -0,
          0.8660253,
          -0.5000001,
          0,
          0,
          0.5000001,
          0.8660253,
          0,
          -9.313226e-10,
          0.12067543,
          0.2456371,
          1
        ]
      },
      {
        "date" : 749674060.076969,
        "title" : "Untitled",
        "transform" : [
          1,
          0,
          0,
          0,
          0,
          0.8660253,
          -0.5000001,
          0,
          0,
          0.5000001,
          0.8660253,
          0,
          -0.013169941,
          0.2656684,
          0.4880178,
          1
        ]
      },
      {
        "date" : 749674054.409163,
        "title" : "Untitled",
        "transform" : [
          1,
          0,
          0,
          0,
          0,
          0.8660253,
          -0.5000001,
          0,
          0,
          0.5000001,
          0.8660253,
          0,
          -0.021484181,
          0.33515587,
          0.69404966,
          1
        ]
      },
      {
        "date" : 749674042.678426,
        "title" : "Untitled",
        "transform" : [
          1,
          0,
          -0,
          0,
          -0,
          0.8660253,
          -0.5000001,
          0,
          0,
          0.5000001,
          0.8660253,
          0,
          -0.0019240825,
          0.3789164,
          0.6687846,
          1
        ]
      }
    ],
    "E74675DA-53C4-4741-AD1D-B9E2DF70F939" : [
      {
        "date" : 749419722.205973,
        "title" : "Untitled",
        "transform" : [
          0.99999994,
          0,
          0,
          0,
          0,
          0.8660254,
          -0.49999988,
          0,
          0,
          0.49999988,
          0.8660254,
          0,
          -0.03760251,
          0.29101968,
          0.6605162,
          1
        ]
      },
      {
        "date" : 749419688.738511,
        "title" : "Untitled",
        "transform" : [
          0.99999994,
          0,
          -0,
          0,
          -0,
          0.8660254,
          -0.49999988,
          0,
          0,
          0.49999988,
          0.8660254,
          0,
          -0.0019240896,
          0.14722395,
          0.298596,
          1
        ]
      },
      {
        "date" : 749417706.526032,
        "title" : "Untitled",
        "transform" : [
          0.99999994,
          0,
          0,
          0,
          0,
          0.8660254,
          -0.49999988,
          0,
          0,
          0.49999988,
          0.8660254,
          0,
          0.004139185,
          0.24129477,
          0.40965658,
          1
        ]
      },
      {
        "date" : 749417697.059552,
        "title" : "Untitled",
        "transform" : [
          0.99999994,
          0,
          -0,
          0,
          -0,
          0.8660254,
          -0.49999988,
          0,
          0,
          0.49999988,
          0.8660254,
          0,
          0,
          0.23771018,
          0.41172612,
          1
        ]
      }
    ],
    "F8297E3D-0A76-4C12-A183-C6CAB13CDB73" : [
      {
        "date" : 785015055.108367,
        "title" : "Untitled",
        "transform" : [
          -0.2585175,
          1.852082e-09,
          -0.96600664,
          0,
          -0.30862847,
          0.94759,
          0.08259349,
          0,
          0.9153782,
          0.319489,
          -0.2449686,
          0,
          0.2395289,
          0.099467,
          -0.09701506,
          1
        ]
      },
      {
        "date" : 785015032.810123,
        "title" : "Untitled",
        "transform" : [
          0.042829048,
          7.6151674e-10,
          -0.9990824,
          0,
          -0.31951806,
          0.9474812,
          -0.013697223,
          0,
          0.94661176,
          0.3198115,
          0.040579718,
          0,
          0.25733092,
          0.10019645,
          -0.020521292,
          1
        ]
      },
      {
        "date" : 785015023.693391,
        "title" : "Untitled",
        "transform" : [
          -0.9954993,
          1.949309e-07,
          -0.094768725,
          0,
          -0.041688006,
          0.8980497,
          0.43791407,
          0,
          0.08510712,
          0.4398939,
          -0.8940079,
          0,
          -0.0085708825,
          0.13246754,
          -0.2430195,
          1
        ]
      },
      {
        "date" : 783717304.776502,
        "title" : "Untitled",
        "transform" : [
          0.99361706,
          7.890571e-09,
          0.11280589,
          0,
          0.06751273,
          0.8011335,
          -0.5946656,
          0,
          -0.09037258,
          0.5984857,
          0.7960199,
          0,
          0.0055856016,
          0.1782349,
          0.21184997,
          1
        ]
      },
      {
        "date" : 783717295.309566,
        "title" : "Untitled",
        "transform" : [
          0.9811115,
          8.421793e-09,
          0.19344309,
          0,
          0.12698418,
          0.75437653,
          -0.6440428,
          0,
          -0.14592892,
          0.65644205,
          0.7401275,
          0,
          -0.009027567,
          0.19335786,
          0.19801651,
          1
        ]
      },
      {
        "date" : 783717022.692244,
        "title" : "Untitled",
        "transform" : [
          0.9811115,
          8.421793e-09,
          0.19344309,
          0,
          0.12698416,
          0.7543764,
          -0.64404273,
          0,
          -0.14592892,
          0.65644205,
          0.7401275,
          0,
          -0.012147048,
          0.23225483,
          0.16290243,
          1
        ]
      },
      {
        "date" : 783717019.775152,
        "title" : "Untitled",
        "transform" : [
          0.98924804,
          3.2222403e-10,
          0.14624582,
          0,
          -0.13191149,
          0.4317683,
          0.8922866,
          0,
          -0.06314435,
          -0.90198445,
          0.42712605,
          0,
          -0.0070369677,
          -0.21818443,
          0.18158497,
          1
        ]
      },
      {
        "date" : 783717015.592196,
        "title" : "Untitled",
        "transform" : [
          0.97955155,
          1.8888224e-11,
          0.20119314,
          0,
          0.085340776,
          0.905581,
          -0.41549966,
          0,
          -0.1821967,
          0.4241734,
          0.8870634,
          0,
          -0.025007047,
          0.17882189,
          0.21914482,
          1
        ]
      },
      {
        "date" : 783717006.558459,
        "title" : "Untitled",
        "transform" : [
          0.99971455,
          5.854875e-11,
          0.023891399,
          0,
          0.012505654,
          0.8520642,
          -0.5232881,
          0,
          -0.020357003,
          0.5234375,
          0.85182095,
          0,
          0.014854736,
          0.20242071,
          0.19857559,
          1
        ]
      }
    ]
  },
  "selectedSceneRelativePath" : "Marker_black.usda"
}