{
  "advancedEditorSelectedIdentifier" : "ProjectBrowser",
  "openSceneRelativePaths" : [
    "Marker_black.usda",
    "YootThrowBoard.usda",
    "Marker_white.usda"
  ],
  "recentIdentifiers" : {
    "1D572CEB-057A-41C3-B575-04C37501A3C0" : [

    ],
    "5FC03312-DCA0-465F-B8D5-5A3C1EE16D9F" : [

    ],
    "F8297E3D-0A76-4C12-A183-C6CAB13CDB73" : [

    ]
  },
  "sceneCameraHistory" : {
    "1D572CEB-057A-41C3-B575-04C37501A3C0" : [
      {
        "date" : 749417270.472066,
        "title" : "Untitled",
        "transform" : [
          0.99999994,
          0,
          -0,
          0,
          -0,
          0.86602575,
          -0.4999995,
          0,
          0,
          0.4999995,
          0.86602575,
          0,
          0,
          4.1226025,
          5.0232177,
          1
        ]
      }
    ],
    "5FC03312-DCA0-465F-B8D5-5A3C1EE16D9F" : [
      {
        "date" : 783544491.782005,
        "title" : "Untitled",
        "transform" : [
          0.99791044,
          -3.6333198e-10,
          0.06461357,
          0,
          -0.007815196,
          0.9926583,
          0.12070011,
          0,
          -0.064139195,
          -0.12095285,
          0.99058396,
          0,
          0.24069236,
          0.6696268,
          4.2712197,
          1
        ]
      },
      {
        "date" : 783544470.158909,
        "title" : "Untitled",
        "transform" : [
          0.99636704,
          9.322121e-10,
          -0.085162364,
          0,
          0.011145512,
          0.991399,
          0.13039821,
          0,
          0.0844299,
          -0.13087368,
          0.9877974,
          0,
          0.8896008,
          0.6267267,
          4.3659,
          1
        ]
      },
      {
        "date" : 783544457.869325,
        "title" : "Untitled",
        "transform" : [
          0.99897337,
          3.207215e-10,
          -0.04530017,
          0,
          0.005928533,
          0.9913992,
          0.13073786,
          0,
          0.044910554,
          -0.1308722,
          0.9903815,
          0,
          0.026177391,
          0.5214719,
          10.530777,
          1
        ]
      },
      {
        "date" : 783544449.776519,
        "title" : "Untitled",
        "transform" : [
          0.9994042,
          1.8749116e-10,
          0.034515455,
          0,
          -0.0045169573,
          0.9913998,
          0.1307897,
          0,
          -0.034218613,
          -0.13086767,
          0.9908091,
          0,
          -0.8113702,
          0.5193691,
          10.40329,
          1
        ]
      },
      {
        "date" : 783544431.156974,
        "title" : "Untitled",
        "transform" : [
          0.7347598,
          -1.0499353e-08,
          -0.6783273,
          0,
          0.09548813,
          0.99004227,
          0.10343212,
          0,
          0.67157274,
          -0.14076997,
          0.7274433,
          0,
          9.776834,
          0.60162747,
          11.558528,
          1
        ]
      },
      {
        "date" : 783544325.244768,
        "title" : "Untitled",
        "transform" : [
          0.7347598,
          -1.0499353e-08,
          -0.6783273,
          0,
          0.09548813,
          0.99004227,
          0.10343212,
          0,
          0.67157274,
          -0.14076997,
          0.7274433,
          0,
          3.3135731,
          0.20390415,
          3.9174275,
          1
        ]
      },
      {
        "date" : 783544320.668097,
        "title" : "Untitled",
        "transform" : [
          0.984629,
          -1.7408945e-09,
          -0.17465907,
          0,
          0.022856073,
          0.9914007,
          0.1288496,
          0,
          0.17315713,
          -0.13086107,
          0.9761619,
          0,
          0.5686084,
          0.2877087,
          8.375954,
          1
        ]
      },
      {
        "date" : 783544301.914764,
        "title" : "Untitled",
        "transform" : [
          0.89357346,
          -1.8158031e-09,
          -0.44891688,
          0,
          -0.088640586,
          0.9803121,
          -0.17643996,
          0,
          0.44007865,
          0.19745432,
          0.87598085,
          0,
          2.779848,
          2.9188468,
          7.789414,
          1
        ]
      },
      {
        "date" : 783544291.703031,
        "title" : "Untitled",
        "transform" : [
          0.6329153,
          -2.2698093e-12,
          -0.7742211,
          0,
          0.0009538846,
          0.9999992,
          0.0007797878,
          0,
          0.7742205,
          -0.0012320572,
          0.63291484,
          0,
          11.932912,
          2.430642,
          12.342784,
          1
        ]
      },
      {
        "date" : 783544273.507173,
        "title" : "Untitled",
        "transform" : [
          -0.17428033,
          -3.3115885e-10,
          -0.9846961,
          0,
          -0.035061788,
          0.99936587,
          0.006205549,
          0,
          0.9840716,
          0.03560671,
          -0.17416981,
          0,
          17.071587,
          2.9197009,
          -0.82701814,
          1
        ]
      }
    ],
    "D66134B1-3681-4A8E-AFE5-29F257229F3B" : [
      {
        "date" : 752970939.044532,
        "title" : "Untitled",
        "transform" : [
          1,
          0,
          0,
          0,
          0,
          0.8660253,
          -0.5000001,
          0,
          0,
          0.5000001,
          0.8660253,
          0,
          -0.03779655,
          0.15624759,
          0.23537219,
          1
        ]
      },
      {
        "date" : 752970933.481187,
        "title" : "Untitled",
        "transform" : [
          1,
          0,
          0,
          0,
          0,
          0.8660253,
          -0.5000001,
          0,
          0,
          0.5000001,
          0.8660253,
          0,
          -0.020067945,
          0.28740996,
          0.4743318,
          1
        ]
      },
      {
        "date" : 749674183.904779,
        "title" : "Untitled",
        "transform" : [
          1,
          0,
          0,
          0,
          0,
          0.8660253,
          -0.5000001,
          0,
          0,
          0.5000001,
          0.8660253,
          0,
          -0.0047373697,
          0.27292663,
          0.4826938,
          1
        ]
      },
      {
        "date" : 749674145.038326,
        "title" : "Untitled",
        "transform" : [
          1,
          0,
          0,
          0,
          0,
          0.8660253,
          -0.5000001,
          0,
          0,
          0.5000001,
          0.8660253,
          0,
          -9.313226e-10,
          0.2677908,
          0.48565897,
          1
        ]
      },
      {
        "date" : 749674127.666938,
        "title" : "Untitled",
        "transform" : [
          1,
          0,
          -0,
          0,
          -0,
          0.8660253,
          -0.5000001,
          0,
          0,
          0.5000001,
          0.8660253,
          0,
          -9.313226e-10,
          0.12067543,
          0.2456371,
          1
        ]
      },
      {
        "date" : 749674060.076969,
        "title" : "Untitled",
        "transform" : [
          1,
          0,
          0,
          0,
          0,
          0.8660253,
          -0.5000001,
          0,
          0,
          0.5000001,
          0.8660253,
          0,
          -0.013169941,
          0.2656684,
          0.4880178,
          1
        ]
      },
      {
        "date" : 749674054.409163,
        "title" : "Untitled",
        "transform" : [
          1,
          0,
          0,
          0,
          0,
          0.8660253,
          -0.5000001,
          0,
          0,
          0.5000001,
          0.8660253,
          0,
          -0.021484181,
          0.33515587,
          0.69404966,
          1
        ]
      },
      {
        "date" : 749674042.678426,
        "title" : "Untitled",
        "transform" : [
          1,
          0,
          -0,
          0,
          -0,
          0.8660253,
          -0.5000001,
          0,
          0,
          0.5000001,
          0.8660253,
          0,
          -0.0019240825,
          0.3789164,
          0.6687846,
          1
        ]
      }
    ],
    "E74675DA-53C4-4741-AD1D-B9E2DF70F939" : [
      {
        "date" : 749419722.205973,
        "title" : "Untitled",
        "transform" : [
          0.99999994,
          0,
          0,
          0,
          0,
          0.8660254,
          -0.49999988,
          0,
          0,
          0.49999988,
          0.8660254,
          0,
          -0.03760251,
          0.29101968,
          0.6605162,
          1
        ]
      },
      {
        "date" : 749419688.738511,
        "title" : "Untitled",
        "transform" : [
          0.99999994,
          0,
          -0,
          0,
          -0,
          0.8660254,
          -0.49999988,
          0,
          0,
          0.49999988,
          0.8660254,
          0,
          -0.0019240896,
          0.14722395,
          0.298596,
          1
        ]
      },
      {
        "date" : 749417706.526032,
        "title" : "Untitled",
        "transform" : [
          0.99999994,
          0,
          0,
          0,
          0,
          0.8660254,
          -0.49999988,
          0,
          0,
          0.49999988,
          0.8660254,
          0,
          0.004139185,
          0.24129477,
          0.40965658,
          1
        ]
      },
      {
        "date" : 749417697.059552,
        "title" : "Untitled",
        "transform" : [
          0.99999994,
          0,
          -0,
          0,
          -0,
          0.8660254,
          -0.49999988,
          0,
          0,
          0.49999988,
          0.8660254,
          0,
          0,
          0.23771018,
          0.41172612,
          1
        ]
      }
    ]
  },
  "selectedSceneRelativePath" : "YootThrowBoard.usda"
}