{
  "advancedEditorSelectedIdentifier" : "ProjectBrowser",
  "openSceneRelativePaths" : [
    "Marker_black.usda",
    "YootThrowBoard.usda",
    "Marker_white.usda"
  ],
  "recentIdentifiers" : {
    "1D572CEB-057A-41C3-B575-04C37501A3C0" : [

    ],
    "5FC03312-DCA0-465F-B8D5-5A3C1EE16D9F" : [

    ],
    "F8297E3D-0A76-4C12-A183-C6CAB13CDB73" : [

    ]
  },
  "sceneCameraHistory" : {
    "1D572CEB-057A-41C3-B575-04C37501A3C0" : [
      {
        "date" : 749417270.472066,
        "title" : "Untitled",
        "transform" : [
          0.99999994,
          0,
          -0,
          0,
          -0,
          0.86602575,
          -0.4999995,
          0,
          0,
          0.4999995,
          0.86602575,
          0,
          0,
          4.1226025,
          5.0232177,
          1
        ]
      }
    ],
    "5FC03312-DCA0-465F-B8D5-5A3C1EE16D9F" : [
      {
        "date" : 781307533.587985,
        "title" : "Untitled",
        "transform" : [
          -0.98957676,
          -1.9256433e-07,
          -0.14400612,
          0,
          -0.061815042,
          0.90318495,
          0.42477748,
          0,
          0.13006407,
          0.42925164,
          -0.8937708,
          0,
          5.0428987,
          7.867839,
          -14.947582,
          1
        ]
      },
      {
        "date" : 781307522.439304,
        "title" : "Untitled",
        "transform" : [
          -0.99471337,
          -1.4265307e-05,
          0.10269124,
          0,
          0.054846242,
          0.8453546,
          0.53138274,
          0,
          -0.08681808,
          0.5342057,
          -0.8408846,
          0,
          1.1779678,
          9.688992,
          -15.52405,
          1
        ]
      },
      {
        "date" : 781307515.072466,
        "title" : "Untitled",
        "transform" : [
          -0.99471337,
          -1.4265307e-05,
          0.10269124,
          0,
          0.054846242,
          0.8453546,
          0.53138274,
          0,
          -0.08681808,
          0.5342057,
          -0.8408846,
          0,
          3.2419827,
          6.7488117,
          -17.605022,
          1
        ]
      },
      {
        "date" : 781307497.539557,
        "title" : "Untitled",
        "transform" : [
          -0.99778295,
          -7.3302253e-10,
          0.06655356,
          0,
          0.017016593,
          0.9667608,
          0.25511584,
          0,
          -0.06434137,
          0.2556827,
          -0.9646173,
          0,
          1.136609,
          1.7691703,
          -12.555409,
          1
        ]
      },
      {
        "date" : 781307492.773342,
        "title" : "Untitled",
        "transform" : [
          -0.99672157,
          5.893746e-09,
          0.08090826,
          0,
          0.047243357,
          0.8118166,
          0.5819983,
          0,
          -0.065682665,
          0.5839126,
          -0.8091551,
          0,
          1.0057526,
          6.086381,
          -11.946265,
          1
        ]
      },
      {
        "date" : 781307467.090685,
        "title" : "Untitled",
        "transform" : [
          -0.9971137,
          1.6361353e-08,
          0.07592368,
          0,
          0.0443328,
          0.8118166,
          0.5822272,
          0,
          -0.061636087,
          0.5839126,
          -0.8094734,
          0,
          0.8482394,
          6.778352,
          -11.3979,
          1
        ]
      },
      {
        "date" : 781307458.26339,
        "title" : "Untitled",
        "transform" : [
          -0.996754,
          6.53284e-09,
          0.080506876,
          0,
          0.055718537,
          0.7218049,
          0.68985003,
          0,
          -0.058110256,
          0.69209653,
          -0.719462,
          0,
          4.0284863,
          6.297979,
          -10.285811,
          1
        ]
      },
      {
        "date" : 781307144.59924,
        "title" : "Untitled",
        "transform" : [
          -0.996754,
          6.53284e-09,
          0.080506876,
          0,
          0.055718537,
          0.7218049,
          0.68985003,
          0,
          -0.058110256,
          0.69209653,
          -0.719462,
          0,
          1.8025322,
          7.71536,
          -8.742552,
          1
        ]
      },
      {
        "date" : 781307132.256615,
        "title" : "Untitled",
        "transform" : [
          -0.99558574,
          2.7217313e-05,
          0.093855895,
          0,
          0.066301696,
          0.7079967,
          0.7030965,
          0,
          -0.06643053,
          0.7062157,
          -0.70487326,
          0,
          1.5630662,
          7.9704337,
          -8.666006,
          1
        ]
      },
      {
        "date" : 781307127.288525,
        "title" : "Untitled",
        "transform" : [
          -0.91763085,
          -1.9174545e-06,
          -0.3974338,
          0,
          -0.25897866,
          0.7585422,
          0.59794956,
          0,
          0.30146915,
          0.65162385,
          -0.6960622,
          0,
          6.409542,
          7.2698493,
          -9.881647,
          1
        ]
      }
    ],
    "D66134B1-3681-4A8E-AFE5-29F257229F3B" : [
      {
        "date" : 752970939.044532,
        "title" : "Untitled",
        "transform" : [
          1,
          0,
          0,
          0,
          0,
          0.8660253,
          -0.5000001,
          0,
          0,
          0.5000001,
          0.8660253,
          0,
          -0.03779655,
          0.15624759,
          0.23537219,
          1
        ]
      },
      {
        "date" : 752970933.481187,
        "title" : "Untitled",
        "transform" : [
          1,
          0,
          0,
          0,
          0,
          0.8660253,
          -0.5000001,
          0,
          0,
          0.5000001,
          0.8660253,
          0,
          -0.020067945,
          0.28740996,
          0.4743318,
          1
        ]
      },
      {
        "date" : 749674183.904779,
        "title" : "Untitled",
        "transform" : [
          1,
          0,
          0,
          0,
          0,
          0.8660253,
          -0.5000001,
          0,
          0,
          0.5000001,
          0.8660253,
          0,
          -0.0047373697,
          0.27292663,
          0.4826938,
          1
        ]
      },
      {
        "date" : 749674145.038326,
        "title" : "Untitled",
        "transform" : [
          1,
          0,
          0,
          0,
          0,
          0.8660253,
          -0.5000001,
          0,
          0,
          0.5000001,
          0.8660253,
          0,
          -9.313226e-10,
          0.2677908,
          0.48565897,
          1
        ]
      },
      {
        "date" : 749674127.666938,
        "title" : "Untitled",
        "transform" : [
          1,
          0,
          -0,
          0,
          -0,
          0.8660253,
          -0.5000001,
          0,
          0,
          0.5000001,
          0.8660253,
          0,
          -9.313226e-10,
          0.12067543,
          0.2456371,
          1
        ]
      },
      {
        "date" : 749674060.076969,
        "title" : "Untitled",
        "transform" : [
          1,
          0,
          0,
          0,
          0,
          0.8660253,
          -0.5000001,
          0,
          0,
          0.5000001,
          0.8660253,
          0,
          -0.013169941,
          0.2656684,
          0.4880178,
          1
        ]
      },
      {
        "date" : 749674054.409163,
        "title" : "Untitled",
        "transform" : [
          1,
          0,
          0,
          0,
          0,
          0.8660253,
          -0.5000001,
          0,
          0,
          0.5000001,
          0.8660253,
          0,
          -0.021484181,
          0.33515587,
          0.69404966,
          1
        ]
      },
      {
        "date" : 749674042.678426,
        "title" : "Untitled",
        "transform" : [
          1,
          0,
          -0,
          0,
          -0,
          0.8660253,
          -0.5000001,
          0,
          0,
          0.5000001,
          0.8660253,
          0,
          -0.0019240825,
          0.3789164,
          0.6687846,
          1
        ]
      }
    ],
    "E74675DA-53C4-4741-AD1D-B9E2DF70F939" : [
      {
        "date" : 749419722.205973,
        "title" : "Untitled",
        "transform" : [
          0.99999994,
          0,
          0,
          0,
          0,
          0.8660254,
          -0.49999988,
          0,
          0,
          0.49999988,
          0.8660254,
          0,
          -0.03760251,
          0.29101968,
          0.6605162,
          1
        ]
      },
      {
        "date" : 749419688.738511,
        "title" : "Untitled",
        "transform" : [
          0.99999994,
          0,
          -0,
          0,
          -0,
          0.8660254,
          -0.49999988,
          0,
          0,
          0.49999988,
          0.8660254,
          0,
          -0.0019240896,
          0.14722395,
          0.298596,
          1
        ]
      },
      {
        "date" : 749417706.526032,
        "title" : "Untitled",
        "transform" : [
          0.99999994,
          0,
          0,
          0,
          0,
          0.8660254,
          -0.49999988,
          0,
          0,
          0.49999988,
          0.8660254,
          0,
          0.004139185,
          0.24129477,
          0.40965658,
          1
        ]
      },
      {
        "date" : 749417697.059552,
        "title" : "Untitled",
        "transform" : [
          0.99999994,
          0,
          -0,
          0,
          -0,
          0.8660254,
          -0.49999988,
          0,
          0,
          0.49999988,
          0.8660254,
          0,
          0,
          0.23771018,
          0.41172612,
          1
        ]
      }
    ]
  },
  "selectedSceneRelativePath" : "YootThrowBoard.usda"
}