{
  "advancedEditorSelectedIdentifier" : "ProjectBrowser",
  "openSceneRelativePaths" : [
    "scene.usda"
  ],
  "recentIdentifiers" : {
    "1D572CEB-057A-41C3-B575-04C37501A3C0" : [

    ],
    "D66134B1-3681-4A8E-AFE5-29F257229F3B" : [

    ]
  },
  "sceneCameraHistory" : {
    "1D572CEB-057A-41C3-B575-04C37501A3C0" : [
      {
        "date" : 749417270.472066,
        "title" : "Untitled",
        "transform" : [
          0.99999994,
          0,
          -0,
          0,
          -0,
          0.86602575,
          -0.4999995,
          0,
          0,
          0.4999995,
          0.86602575,
          0,
          0,
          4.1226025,
          5.0232177,
          1
        ]
      }
    ],
<<<<<<< Updated upstream
=======
    "D66134B1-3681-4A8E-AFE5-29F257229F3B" : [
      {
        "date" : 750475310.950865,
        "title" : "Untitled",
        "transform" : [
          0.9725541,
          9.174258e-10,
          -0.23267709,
          0,
          -0.10562539,
          0.8910236,
          -0.4414978,
          0,
          0.20732073,
          0.45395702,
          0.86656857,
          0,
          0.023812748,
          0.08094241,
          0.09894462,
          1
        ]
      },
      {
        "date" : 750475306.779036,
        "title" : "Untitled",
        "transform" : [
          0.98038954,
          -1.3058008e-09,
          -0.19706929,
          0,
          0.012472216,
          0.9979953,
          0.062047355,
          0,
          0.19667424,
          -0.06328847,
          0.9784242,
          0,
          0.011545064,
          0.025046708,
          0.05673947,
          1
        ]
      },
      {
        "date" : 750475300.699188,
        "title" : "Untitled",
        "transform" : [
          0.9999988,
          -1.22464296e-11,
          0.0015587406,
          0,
          0.00018144085,
          0.9932022,
          -0.11640205,
          0,
          -0.0015481447,
          0.1164022,
          0.993201,
          0,
          -9.398005e-06,
          0.049369067,
          0.09741218,
          1
        ]
      },
      {
        "date" : 750475293.739622,
        "title" : "Untitled",
        "transform" : [
          0.9999988,
          -1.22464296e-11,
          0.0015587406,
          0,
          0.00018144085,
          0.9932022,
          -0.11640205,
          0,
          -0.0015481447,
          0.1164022,
          0.993201,
          0,
          3.202427e-05,
          0.046254605,
          0.070838094,
          1
        ]
      },
      {
        "date" : 750475282.739673,
        "title" : "Untitled",
        "transform" : [
          0.9999988,
          -1.22464296e-11,
          0.0015587406,
          0,
          0.00018144085,
          0.9932022,
          -0.11640205,
          0,
          -0.0015481447,
          0.1164022,
          0.993201,
          0,
          2.5735952e-05,
          0.046727415,
          0.07487235,
          1
        ]
      },
      {
        "date" : 750475195.708329,
        "title" : "Untitled",
        "transform" : [
          0.9999988,
          -1.22464296e-11,
          0.0015587406,
          0,
          0.00018144085,
          0.9932022,
          -0.11640205,
          0,
          -0.0015481447,
          0.1164022,
          0.993201,
          0,
          -4.7015463e-05,
          0.05219746,
          0.12154545,
          1
        ]
      },
      {
        "date" : 750475192.059682,
        "title" : "Untitled",
        "transform" : [
          0.9999988,
          -1.22464296e-11,
          0.0015587406,
          0,
          0.00018144085,
          0.9932022,
          -0.11640205,
          0,
          -0.0015481447,
          0.1164022,
          0.993201,
          0,
          1.770036e-05,
          0.047331583,
          0.08002746,
          1
        ]
      },
      {
        "date" : 750475155.911307,
        "title" : "Untitled",
        "transform" : [
          0.9999988,
          -1.22464296e-11,
          0.0015587406,
          0,
          0.00018144085,
          0.9932022,
          -0.11640205,
          0,
          -0.0015481447,
          0.1164022,
          0.993201,
          0,
          -1.0833359e-05,
          0.049476977,
          0.09833314,
          1
        ]
      },
      {
        "date" : 750475146.920944,
        "title" : "Untitled",
        "transform" : [
          0.9999988,
          -1.22464296e-11,
          0.0015587406,
          0,
          0.00018144085,
          0.9932022,
          -0.11640205,
          0,
          -0.0015481447,
          0.1164022,
          0.993201,
          0,
          -4.3793434e-06,
          0.020000873,
          0.03975079,
          1
        ]
      },
      {
        "date" : 750475122.062699,
        "title" : "Untitled",
        "transform" : [
          0.9999988,
          -1.22464296e-11,
          0.0015587406,
          0,
          0.00018144085,
          0.9932022,
          -0.11640205,
          0,
          -0.0015481447,
          0.1164022,
          0.993201,
          0,
          -1.3853929e-05,
          0.0632722,
          0.12575048,
          1
        ]
      }
    ],
>>>>>>> Stashed changes
    "E74675DA-53C4-4741-AD1D-B9E2DF70F939" : [
      {
        "date" : 749419688.738511,
        "title" : "Untitled",
        "transform" : [
          0.99999994,
          0,
          -0,
          0,
          -0,
          0.8660254,
          -0.49999988,
          0,
          0,
          0.49999988,
          0.8660254,
          0,
          -0.0019240896,
          0.14722395,
          0.298596,
          1
        ]
      },
      {
        "date" : 749417706.526032,
        "title" : "Untitled",
        "transform" : [
          0.99999994,
          0,
          0,
          0,
          0,
          0.8660254,
          -0.49999988,
          0,
          0,
          0.49999988,
          0.8660254,
          0,
          0.004139185,
          0.24129477,
          0.40965658,
          1
        ]
      },
      {
        "date" : 749417697.059552,
        "title" : "Untitled",
        "transform" : [
          0.99999994,
          0,
          -0,
          0,
          -0,
          0.8660254,
          -0.49999988,
          0,
          0,
          0.49999988,
          0.8660254,
          0,
          0,
          0.23771018,
          0.41172612,
          1
        ]
      }
    ]
  },
  "selectedSceneRelativePath" : "Scene.usda"
}