{
  "advancedEditorSelectedIdentifier" : "ProjectBrowser",
  "openSceneRelativePaths" : [
    "Marker_black.usda",
    "YootThrowBoard.usda",
    "Marker_white.usda"
  ],
  "recentIdentifiers" : {
    "1D572CEB-057A-41C3-B575-04C37501A3C0" : [

    ],
    "5FC03312-DCA0-465F-B8D5-5A3C1EE16D9F" : [

    ],
    "F8297E3D-0A76-4C12-A183-C6CAB13CDB73" : [

    ]
  },
  "sceneCameraHistory" : {
    "1D572CEB-057A-41C3-B575-04C37501A3C0" : [
      {
        "date" : 749417270.472066,
        "title" : "Untitled",
        "transform" : [
          0.99999994,
          0,
          -0,
          0,
          -0,
          0.86602575,
          -0.4999995,
          0,
          0,
          0.4999995,
          0.86602575,
          0,
          0,
          4.1226025,
          5.0232177,
          1
        ]
      }
    ],
    "5FC03312-DCA0-465F-B8D5-5A3C1EE16D9F" : [
      {
        "date" : 781388285.208206,
        "title" : "Untitled",
        "transform" : [
          -0.19227411,
          1.0140717e-05,
          0.9813412,
          0,
          0.5939402,
          0.7960495,
          0.11636243,
          0,
          -0.781195,
          0.6052315,
          -0.15306573,
          0,
          -14.121878,
          13.029975,
          -3.859039,
          1
        ]
      },
      {
        "date" : 781388272.534443,
        "title" : "Untitled",
        "transform" : [
          -0.02289529,
          -6.9597786e-11,
          0.9997378,
          0,
          0.0999179,
          0.994993,
          0.0022882496,
          0,
          -0.9947322,
          0.0999441,
          -0.022780657,
          0,
          -19.228018,
          3.4780526,
          -1.5121895,
          1
        ]
      },
      {
        "date" : 781388262.104315,
        "title" : "Untitled",
        "transform" : [
          -0.8466944,
          -1.0285394e-05,
          -0.5320795,
          0,
          -0.3920644,
          0.6760649,
          0.6238763,
          0,
          0.35971385,
          0.73684204,
          -0.5724244,
          0,
          7.2985477,
          15.423349,
          -9.641129,
          1
        ]
      },
      {
        "date" : 781388254.709583,
        "title" : "Untitled",
        "transform" : [
          -0.83621514,
          -2.381848e-05,
          -0.54840153,
          0,
          -0.44071004,
          0.5951631,
          0.67197883,
          0,
          0.32637236,
          0.8036049,
          -0.49769488,
          0,
          7.0190496,
          16.6392,
          -8.936206,
          1
        ]
      },
      {
        "date" : 781388248.724518,
        "title" : "Untitled",
        "transform" : [
          -0.7590512,
          1.4205771e-08,
          -0.651031,
          0,
          -0.3339028,
          0.8584584,
          0.38930455,
          0,
          0.558883,
          0.5128831,
          -0.65161383,
          0,
          9.345691,
          11.6713,
          -9.643801,
          1
        ]
      },
      {
        "date" : 781388240.462271,
        "title" : "Untitled",
        "transform" : [
          -0.8167015,
          -2.930869e-08,
          -0.5770604,
          0,
          -0.23716402,
          0.9116415,
          0.33565322,
          0,
          0.52607214,
          0.41098642,
          -0.7445389,
          0,
          8.450285,
          10.120333,
          -10.569661,
          1
        ]
      },
      {
        "date" : 781388235.98583,
        "title" : "Untitled",
        "transform" : [
          -0.8076476,
          3.9375313e-06,
          -0.5896656,
          0,
          -0.452039,
          0.64211804,
          0.6191488,
          0,
          0.3786373,
          0.7666058,
          -0.51860327,
          0,
          7.016841,
          15.684603,
          -8.258526,
          1
        ]
      },
      {
        "date" : 781388214.775509,
        "title" : "Untitled",
        "transform" : [
          -0.70241916,
          -4.271367e-06,
          -0.7117635,
          0,
          -0.3182633,
          0.8944621,
          0.3140796,
          0,
          0.6366442,
          0.44714376,
          -0.6282887,
          0,
          11.048657,
          11.783176,
          -10.57201,
          1
        ]
      },
      {
        "date" : 781388202.256888,
        "title" : "Untitled",
        "transform" : [
          -0.23735753,
          -2.3504076e-09,
          0.9714223,
          0,
          0.39478433,
          0.9136961,
          0.09646168,
          0,
          -0.8875848,
          0.40639824,
          -0.21687265,
          0,
          -23.531706,
          10.824169,
          -8.575115,
          1
        ]
      },
      {
        "date" : 781388191.282876,
        "title" : "Untitled",
        "transform" : [
          0.42630097,
          -7.481669e-09,
          -0.90458137,
          0,
          -0.20503971,
          0.9739721,
          -0.09662882,
          0,
          0.881037,
          0.22666806,
          0.41520524,
          0,
          20.906435,
          5.765496,
          24.292652,
          1
        ]
      }
    ],
    "D66134B1-3681-4A8E-AFE5-29F257229F3B" : [
      {
        "date" : 752970939.044532,
        "title" : "Untitled",
        "transform" : [
          1,
          0,
          0,
          0,
          0,
          0.8660253,
          -0.5000001,
          0,
          0,
          0.5000001,
          0.8660253,
          0,
          -0.03779655,
          0.15624759,
          0.23537219,
          1
        ]
      },
      {
        "date" : 752970933.481187,
        "title" : "Untitled",
        "transform" : [
          1,
          0,
          0,
          0,
          0,
          0.8660253,
          -0.5000001,
          0,
          0,
          0.5000001,
          0.8660253,
          0,
          -0.020067945,
          0.28740996,
          0.4743318,
          1
        ]
      },
      {
        "date" : 749674183.904779,
        "title" : "Untitled",
        "transform" : [
          1,
          0,
          0,
          0,
          0,
          0.8660253,
          -0.5000001,
          0,
          0,
          0.5000001,
          0.8660253,
          0,
          -0.0047373697,
          0.27292663,
          0.4826938,
          1
        ]
      },
      {
        "date" : 749674145.038326,
        "title" : "Untitled",
        "transform" : [
          1,
          0,
          0,
          0,
          0,
          0.8660253,
          -0.5000001,
          0,
          0,
          0.5000001,
          0.8660253,
          0,
          -9.313226e-10,
          0.2677908,
          0.48565897,
          1
        ]
      },
      {
        "date" : 749674127.666938,
        "title" : "Untitled",
        "transform" : [
          1,
          0,
          -0,
          0,
          -0,
          0.8660253,
          -0.5000001,
          0,
          0,
          0.5000001,
          0.8660253,
          0,
          -9.313226e-10,
          0.12067543,
          0.2456371,
          1
        ]
      },
      {
        "date" : 749674060.076969,
        "title" : "Untitled",
        "transform" : [
          1,
          0,
          0,
          0,
          0,
          0.8660253,
          -0.5000001,
          0,
          0,
          0.5000001,
          0.8660253,
          0,
          -0.013169941,
          0.2656684,
          0.4880178,
          1
        ]
      },
      {
        "date" : 749674054.409163,
        "title" : "Untitled",
        "transform" : [
          1,
          0,
          0,
          0,
          0,
          0.8660253,
          -0.5000001,
          0,
          0,
          0.5000001,
          0.8660253,
          0,
          -0.021484181,
          0.33515587,
          0.69404966,
          1
        ]
      },
      {
        "date" : 749674042.678426,
        "title" : "Untitled",
        "transform" : [
          1,
          0,
          -0,
          0,
          -0,
          0.8660253,
          -0.5000001,
          0,
          0,
          0.5000001,
          0.8660253,
          0,
          -0.0019240825,
          0.3789164,
          0.6687846,
          1
        ]
      }
    ],
    "E74675DA-53C4-4741-AD1D-B9E2DF70F939" : [
      {
        "date" : 749419722.205973,
        "title" : "Untitled",
        "transform" : [
          0.99999994,
          0,
          0,
          0,
          0,
          0.8660254,
          -0.49999988,
          0,
          0,
          0.49999988,
          0.8660254,
          0,
          -0.03760251,
          0.29101968,
          0.6605162,
          1
        ]
      },
      {
        "date" : 749419688.738511,
        "title" : "Untitled",
        "transform" : [
          0.99999994,
          0,
          -0,
          0,
          -0,
          0.8660254,
          -0.49999988,
          0,
          0,
          0.49999988,
          0.8660254,
          0,
          -0.0019240896,
          0.14722395,
          0.298596,
          1
        ]
      },
      {
        "date" : 749417706.526032,
        "title" : "Untitled",
        "transform" : [
          0.99999994,
          0,
          0,
          0,
          0,
          0.8660254,
          -0.49999988,
          0,
          0,
          0.49999988,
          0.8660254,
          0,
          0.004139185,
          0.24129477,
          0.40965658,
          1
        ]
      },
      {
        "date" : 749417697.059552,
        "title" : "Untitled",
        "transform" : [
          0.99999994,
          0,
          -0,
          0,
          -0,
          0.8660254,
          -0.49999988,
          0,
          0,
          0.49999988,
          0.8660254,
          0,
          0,
          0.23771018,
          0.41172612,
          1
        ]
      }
    ]
  },
  "selectedSceneRelativePath" : "YootThrowBoard.usda"
}